0
01
012
0123
01234
012345
0123456
01234567
012345678
0123456789
012345678910
01234567891011
0123456789101112
012345678910111213
01234567891011121314
0123456789101112131415
012345678910111213141516
01234567891011121314151617
0123456789101112131415161718
012345678910111213141516171819
01234567891011121314151617181920
0123456789101112131415161718192021
012345678910111213141516171819202122
01234567891011121314151617181920212223
0123456789101112131415161718192021222324
012345678910111213141516171819202122232425
01234567891011121314151617181920212223242526
0123456789101112131415161718192021222324252627
012345678910111213141516171819202122232425262728
01234567891011121314151617181920212223242526272829
0123456789101112131415161718192021222324252627282930
012345678910111213141516171819202122232425262728293031
01234567891011121314151617181920212223242526272829303132
0123456789101112131415161718192021222324252627282930313233
012345678910111213141516171819202122232425262728293031323334
01234567891011121314151617181920212223242526272829303132333435
0123456789101112131415161718192021222324252627282930313233343536
012345678910111213141516171819202122232425262728293031323334353637
01234567891011121314151617181920212223242526272829303132333435363738
0123456789101112131415161718192021222324252627282930313233343536373839
012345678910111213141516171819202122232425262728293031323334353637383940
01234567891011121314151617181920212223242526272829303132333435363738394041
0123456789101112131415161718192021222324252627282930313233343536373839404142
012345678910111213141516171819202122232425262728293031323334353637383940414243
01234567891011121314151617181920212223242526272829303132333435363738394041424344
0123456789101112131415161718192021222324252627282930313233343536373839404142434445
012345678910111213141516171819202122232425262728293031323334353637383940414243444546
01234567891011121314151617181920212223242526272829303132333435363738394041424344454647
0123456789101112131415161718192021222324252627282930313233343536373839404142434445464748
012345678910111213141516171819202122232425262728293031323334353637383940414243444546474849
01234567891011121314151617181920212223242526272829303132333435363738394041424344454647484950
0123456789101112131415161718192021222324252627282930313233343536373839404142434445464748495051
012345678910111213141516171819202122232425262728293031323334353637383940414243444546474849505152
01234567891011121314151617181920212223242526272829303132333435363738394041424344454647484950515253
0123456789101112131415161718192021222324252627282930313233343536373839404142434445464748495051525354
012345678910111213141516171819202122232425262728293031323334353637383940414243444546474849505152535455
01234567891011121314151617181920212223242526272829303132333435363738394041424344454647484950515253545556
0123456789101112131415161718192021222324252627282930313233343536373839404142434445464748495051525354555657
012345678910111213141516171819202122232425262728293031323334353637383940414243444546474849505152535455565758
01234567891011121314151617181920212223242526272829303132333435363738394041424344454647484950515253545556575859
0123456789101112131415161718192021222324252627282930313233343536373839404142434445464748495051525354555657585960
012345678910111213141516171819202122232425262728293031323334353637383940414243444546474849505152535455565758596061
01234567891011121314151617181920212223242526272829303132333435363738394041424344454647484950515253545556575859606162
0123456789101112131415161718192021222324252627282930313233343536373839404142434445464748495051525354555657585960616263
012345678910111213141516171819202122232425262728293031323334353637383940414243444546474849505152535455565758596061626364
01234567891011121314151617181920212223242526272829303132333435363738394041424344454647484950515253545556575859606162636465
0123456789101112131415161718192021222324252627282930313233343536373839404142434445464748495051525354555657585960616263646566
012345678910111213141516171819202122232425262728293031323334353637383940414243444546474849505152535455565758596061626364656667
01234567891011121314151617181920212223242526272829303132333435363738394041424344454647484950515253545556575859606162636465666768
0123456789101112131415161718192021222324252627282930313233343536373839404142434445464748495051525354555657585960616263646566676869
012345678910111213141516171819202122232425262728293031323334353637383940414243444546474849505152535455565758596061626364656667686970
01234567891011121314151617181920212223242526272829303132333435363738394041424344454647484950515253545556575859606162636465666768697071
0123456789101112131415161718192021222324252627282930313233343536373839404142434445464748495051525354555657585960616263646566676869707172
012345678910111213141516171819202122232425262728293031323334353637383940414243444546474849505152535455565758596061626364656667686970717273
01234567891011121314151617181920212223242526272829303132333435363738394041424344454647484950515253545556575859606162636465666768697071727374
0123456789101112131415161718192021222324252627282930313233343536373839404142434445464748495051525354555657585960616263646566676869707172737475
012345678910111213141516171819202122232425262728293031323334353637383940414243444546474849505152535455565758596061626364656667686970717273747576
01234567891011121314151617181920212223242526272829303132333435363738394041424344454647484950515253545556575859606162636465666768697071727374757677
0123456789101112131415161718192021222324252627282930313233343536373839404142434445464748495051525354555657585960616263646566676869707172737475767778
012345678910111213141516171819202122232425262728293031323334353637383940414243444546474849505152535455565758596061626364656667686970717273747576777879
01234567891011121314151617181920212223242526272829303132333435363738394041424344454647484950515253545556575859606162636465666768697071727374757677787980
0123456789101112131415161718192021222324252627282930313233343536373839404142434445464748495051525354555657585960616263646566676869707172737475767778798081
012345678910111213141516171819202122232425262728293031323334353637383940414243444546474849505152535455565758596061626364656667686970717273747576777879808182
01234567891011121314151617181920212223242526272829303132333435363738394041424344454647484950515253545556575859606162636465666768697071727374757677787980818283
0123456789101112131415161718192021222324252627282930313233343536373839404142434445464748495051525354555657585960616263646566676869707172737475767778798081828384
012345678910111213141516171819202122232425262728293031323334353637383940414243444546474849505152535455565758596061626364656667686970717273747576777879808182838485
01234567891011121314151617181920212223242526272829303132333435363738394041424344454647484950515253545556575859606162636465666768697071727374757677787980818283848586
0123456789101112131415161718192021222324252627282930313233343536373839404142434445464748495051525354555657585960616263646566676869707172737475767778798081828384858687
012345678910111213141516171819202122232425262728293031323334353637383940414243444546474849505152535455565758596061626364656667686970717273747576777879808182838485868788
01234567891011121314151617181920212223242526272829303132333435363738394041424344454647484950515253545556575859606162636465666768697071727374757677787980818283848586878889
0123456789101112131415161718192021222324252627282930313233343536373839404142434445464748495051525354555657585960616263646566676869707172737475767778798081828384858687888990
012345678910111213141516171819202122232425262728293031323334353637383940414243444546474849505152535455565758596061626364656667686970717273747576777879808182838485868788899091
01234567891011121314151617181920212223242526272829303132333435363738394041424344454647484950515253545556575859606162636465666768697071727374757677787980818283848586878889909192
0123456789101112131415161718192021222324252627282930313233343536373839404142434445464748495051525354555657585960616263646566676869707172737475767778798081828384858687888990919293
012345678910111213141516171819202122232425262728293031323334353637383940414243444546474849505152535455565758596061626364656667686970717273747576777879808182838485868788899091929394
01234567891011121314151617181920212223242526272829303132333435363738394041424344454647484950515253545556575859606162636465666768697071727374757677787980818283848586878889909192939495
0123456789101112131415161718192021222324252627282930313233343536373839404142434445464748495051525354555657585960616263646566676869707172737475767778798081828384858687888990919293949596
012345678910111213141516171819202122232425262728293031323334353637383940414243444546474849505152535455565758596061626364656667686970717273747576777879808182838485868788899091929394959697
01234567891011121314151617181920212223242526272829303132333435363738394041424344454647484950515253545556575859606162636465666768697071727374757677787980818283848586878889909192939495969798
0123456789101112131415161718192021222324252627282930313233343536373839404142434445464748495051525354555657585960616263646566676869707172737475767778798081828384858687888990919293949596979899
